1 56
2 13
3 27
4 36
5 35
6 27
7 27
8 61
9 74
10 68
11 59
12 80
13 49
14 75
15 60
16 1
17 27
18 61
19 37
20 27
21 13
22 10
23 66
24 7
25 13
26 49
27 82
28 10
29 45
30 55
31 61
32 82
33 30
34 29
35 50
36 74
37 30
38 49
39 26
40 29
41 50
42 30
43 5
44 47
45 30
46 68
47 21
48 55
49 49
50 61
51 27
52 74
53 49
54 55
55 27
56 75
57 75
58 9
59 55
60 68
61 75
62 66
63 41
64 0
65 55
66 27
67 49
68 28
69 44
70 30
71 30
72 74
73 13
74 61
75 23
76 67
77 13
78 10
79 75
80 13
81 49
82 55
83 55
84 49
85 10
86 37
87 75
88 10
89 55
90 55
91 71
92 55
93 27
94 31
95 45
96 19
97 61
98 57
99 55
100 55
101 61
102 55
103 21
104 23
105 33
106 6
107 30
108 40
109 12
110 61
111 30
112 78
113 25
114 55
115 40
116 22
117 74
118 35
119 30
120 13
121 27
122 10
123 30
124 81
125 53
126 61
127 66
128 47
129 2
130 66
131 77
132 49
133 6
134 5
135 49
136 30
137 10
138 34
139 66
140 74
141 49
142 0
143 75
144 28
145 45
146 56
147 39
148 30
149 27
150 61
151 71
152 81
153 49
154 55
155 61
156 30
157 65
158 60
159 7
160 10
161 55
162 78
163 74
164 58
165 13
166 13
167 73
168 49
169 23
170 66
171 49
172 61
173 1
174 2
175 3
176 4
177 5
178 6
179 7
180 8
181 9
182 10
183 11
184 12
185 13
186 14
187 15
188 16
189 17
190 18
191 19
192 20
193 21
194 22
195 23
196 24
197 25
198 26
199 27
200 28
201 29
202 30
203 31
204 32
205 33
206 34
207 35
208 36
209 37
210 38
211 39
212 40
213 41
214 42
215 43
216 44
217 45
218 46
219 47
220 48
221 49
222 50
223 51
224 52
225 53
226 54
227 55
228 56
229 57
230 58
231 59
232 60
233 61
234 62
235 63
236 64
237 65
238 66
239 67
240 68
241 69
242 70
243 71
244 72
245 73
246 74
247 75
248 76
249 77
250 78
251 79
252 80
253 81
254 82
